-0.178424325304031
-0.244697300653324
0.219826436478516
-0.214418051225504
-0.503760089874858
-0.384872295236715
0.0373028632835945
0.223339416891766
0.144857934194174
0.0100567963780499
0.31255765057017
-0.237250826507738
-0.735632023097395
-0.3784973958463
0.539709854780782
-0.423780130666352
-0.076076930323688
-0.0219378138505627
-0.38629998068644
-0.267847941504319
0.512913370843173
-0.406025902675506
0.620124962165108
-0.2178092305125
-0.0378727992435085
-0.300030802962759
0.27818960377229
0.023853959486117
-0.590128772111229
0.207890216377297
0.258903681038451
0.0902783800514946
0.248220044027054
0.331430300982703
-0.353301641481724
0.510130058217687
0.0893963994593924
-0.236021651802182
-0.175112153342372
0.715889492046731
0.452121306442969
-0.50365478223084
0.626989786586632
-0.122763852561382
0.428786220734347
0.0489150274977278
-0.229801782771504
-0.0478206603552138
-0.0866404762633202
-0.12662597291693
-0.559936439887915
-0.410813602713223
0.0510987677755892
-0.124378099490495
-0.202006384146452
-0.0953794672792082
-0.420472418059612
-0.400697392230622
-0.134880603282932
0.142251737627108
-0.135565308457627
-0.331959760440114
0.0409443505047644
-0.551280455111562
-0.250986061498511
0.0950352618899369
-0.0544829139985855
-0.0756851992773874
0.147884619717589
-0.305081924651316
-0.575470257044688
-0.18582876702566
0.057854014343034
0.697235784875029
-0.156880370678815
-0.214386800484142
0.425123730712338
0.684880011716426
0.968200726764464
0.583958544351421
0.0526810747029466
0.459799169872908
-0.287560768847713
0.509665787553814
-0.344516313759035
0.283434173560248
-0.204546399755414
-0.679206528563399
0.120811197618616
-0.401539735489551
-0.496368127223966
1.04377550025106
0.261657861398052
0.30740842070958
0.525137031249261
-0.209375852616278
-0.0610369111578283
-0.0705410141924776
-0.0382591387554677
0.0861630658113274
-0.362196799353826
-0.101865970250204
-0.684530981571137
-0.0796476991730637
-0.303815603706255
0.193018015142678
-0.209549086456671
1.11807177072737
-0.204085570801263
-0.356570900742073
0.731773176913967
-0.110311664789132
-0.218095373155165
-0.487605137437695
-0.172726416082112
-0.0878719563273099
0.192010314228742
-0.340150254712135
-0.196142155278646
-0.603667311592456
